1483631296	/home5/spandext	1345058514	1345058514
1483631296	/home5/spandext/.permslog	1483631297	1483631297
1483631296	/home5/spandext/.cpanel/caches/rewriteinfo	1483496412	1483496412
1483631296	/home5/spandext/.cpanel/backup_status	1483624637	1483624637
1483631296	/home5/spandext/.cpanel/bw	1356548438	1356548438
1483631296	/home5/spandext/.cpanel/customer_db_info	1406912812	1406912812
1483631296	/home5/spandext/.cpanel/contactinfo	1345057603	1345057603
1483631296	/home5/spandext/.cpanel/.ddnsph	1345075570	1345075570
1483631296	/home5/spandext/.cpanel/datastore	1483630946	1483630946
1483631296	/home5/spandext/.cpanel/datastore/all_iplist.db	1483497373	1483497373
1483631296	/home5/spandext/.cpanel/datastore/pg_info.db	1452862903	1452862903
1483631296	/home5/spandext/.cpanel/ducache	1483497405	1483497405
1483631296	/home5/spandext/tmp/userquota	1483268467	1483268467
1483631296	/home5/spandext/tmp/sess_vcijui9s00turgffc1jh70eje6nci473	1483579812	1483579812
1483631296	/home5/spandext/tmp/sess_e41dm20iaike33ea6oar3vdtrk8mf9o1	1483630678	1483630678
1483631296	/home5/spandext/tmp/sess_k6p3mm2kdoi0q4822khlcnls32r3j89l	1483630831	1483630831
1483631296	/home5/spandext/.htpasswds	1345057603	1345057603
1483631296	/home5/spandext/.trash	1345059423	1345059423
1483631296	/home5/spandext/public_html.old/php.ini	1483629840	1483629840
1483631296	/home5/spandext/public_html.old/php.ini.bak.1483629840	1483629840	1483629840
1483631296	/home5/spandext/etc/spandexters.com/shadow,v	1345058010	1345058010
1483631296	/home5/spandext/etc/spandexters.com/shadow	1345058010	1345058010
1483631296	/home5/spandext/etc/ftpquota	1357508050	1357508050
1483631296	/home5/spandext/cache/cache_04092b7620f33b700c5666ff48fd45de	1453964757	1453964757
1483631296	/home5/spandext/cache/cache_a8e28ac69990da4d322b836e2e7e6bbe	1453964757	1453964757
1483631296	/home5/spandext/cache/cache_13a91d5656285e8d8df45131368b31de	1453964756	1453964756
1483631296	/home5/spandext/cache/cache_b88cbc7ba9ce10a9a9412666f92c41c5	1453964758	1453964758
1483631296	/home5/spandext/cache/cache_ec34e150356334c411daa0fb038b78e7	1453964757	1453964757
1483631296	/home5/spandext/cache/cache_b95b72274e61d7e0426945b5cfecd1cc	1453964756	1453964756
1483631296	/home5/spandext/cache/cache_db69b94e012d9d3265751ccfa90dcf6b	1453964756	1453964756
1483631296	/home5/spandext/cache/cache_57e38dc9222fcab7a76600947703623a	1453964757	1453964757
1483631296	/home5/spandext/cache/cache_31b6c5a378a823878b6404eda8afd824	1453964756	1453964756
1483631296	/home5/spandext/cache/cache_85daced7c4de2f5a2c332a7d8a7a3803	1453964755	1453964755
1483631296	/home5/spandext/cache/cache_7e00e6adf92f47eb0364fc34b4634a5e	1453964757	1453964757
1483631296	/home5/spandext/cache/cache_f3d28892f40e19772d5c4ac1be5b50be	1453964756	1453964756
1483631296	/home5/spandext/cache/cache_9501469a857ec3379f48294acf96870f	1453964758	1453964758
1483631296	/home5/spandext/cache/cache_9120cf975f828e920d5b9bb1133940c5	1453964758	1453964758
1483631296	/home5/spandext/cache/cache_c851b87a3b94652b580bcb0d101cfc5b	1453964758	1453964758
1483631296	/home5/spandext/cache/cache_2adc826a2acadfbdc790332ac721f238	1453964757	1453964757
1483631296	/home5/spandext/cache/cache_fedd77df807bf361b2080165e109e56a	1453964756	1453964756
1483631296	/home5/spandext/cache/cache_413cd09d9d62e12d53244b7db9f4c547	1453964757	1453964757
1483631296	/home5/spandext/cache/cache_41ca9bc254cbd0a24237c6e75b86b787	1453964757	1453964757
1483631296	/home5/spandext/cache/cache_1c68fb474453bd7cbade1c8055bbf56f	1453964756	1453964756
1483631296	/home5/spandext/cache/cache_f1aa12ea180d63737aa329886f0137f9	1453964757	1453964757
1483631296	/home5/spandext/cache/cache_3b53400b0fe98de25197936cc10934a8	1453964758	1453964758
1483631296	/home5/spandext/cache/cache_73b1e0919840a63cd6863a27be0a1873	1453964756	1453964756
1483631296	/home5/spandext/cache/cache_6b35830d303414935252dcda090fa62c	1453964758	1453964758
1483631296	/home5/spandext/cache/cache_763860a21a94412ffb8081c5efb43196	1453964756	1453964756
1483631296	/home5/spandext/cache/cache_502ff156f60a32e28364ef33ee598425	1453964757	1453964757
1483631296	/home5/spandext/cache/cache_1a0093d408fa40f7e61641352f306398	1453964756	1453964756
1483631296	/home5/spandext/cache/cache_ae62c06d24726a101168392e6a7cc49d	1453964757	1453964757
1483631296	/home5/spandext/cache/cache_e04ecc0a677128ad3b474afb50ad837e	1453964757	1453964757
1483631296	/home5/spandext/cache/cache_6aa9a7f46a12ffbd8dfe06b73d8321fa	1453964757	1453964757
1483631296	/home5/spandext/cache/cache_e6e0aff24ed02032fe158b37c3b0778f	1453964757	1453964757
1483631296	/home5/spandext/cache/cache_58cdbece7a43806d5bb36697191a0f1b	1453964758	1453964758
1483631296	/home5/spandext/cache/cache_af575c16ed4dc2de28a70c75ef1dc571	1453964757	1453964757
1483631296	/home5/spandext/cache/cache_8c1e2d0573ed1f99fd247768110f872f	1453964755	1453964755
1483631296	/home5/spandext/cache/cache_7f19655b0e27205113484140ae886bd8	1453964757	1453964757
1483631296	/home5/spandext/cache/cache_2dbbbb467961fa1dad1863b0ea56a857	1453964757	1453964757
1483631296	/home5/spandext/cache/cache_0f1ff313f7d5dc65958843d70148d9f6	1453964755	1453964755
1483631296	/home5/spandext/cache/cache_a0ae8b75b27a25e7179d369555045307	1453964757	1453964757
1483631296	/home5/spandext/cache/cache_aee456b389df650535cad76a9d7b12dc	1453964758	1453964758
1483631296	/home5/spandext/cache/cache_83d068844c1e9874b5bfe0121eda91e7	1453964757	1453964757
1483631296	/home5/spandext/cache/cache_8c8e788cebc63413d300e711b2ddae43	1453964756	1453964756
1483631296	/home5/spandext/cache/cache_6f6b0c51fbd3ba43b21bbd3c7352c964	1453964757	1453964757
1483631296	/home5/spandext/cache/cache_66e83e871cd562f40aa46e7478f86a5c	1453964756	1453964756
1483631296	/home5/spandext/cache/cache_03af9071895421e948201b18eeb45472	1453964757	1453964757
1483631296	/home5/spandext/cache/cache_dbaacf789a7f3547040ac5dce5caa38b	1453964756	1453964756
1483631296	/home5/spandext/cache/cache_5db306af7cacf0b872fb29c55058de89	1453964757	1453964757
1483631296	/home5/spandext/cache/cache_0a60ac43dd43c1c126d6b530a819b028	1453964756	1453964756
1483631296	/home5/spandext/cache/cache_5ad9ed31b061b8428053c5482c82c218	1453964757	1453964757
1483631296	/home5/spandext/cache/cache_93d7d633226ddcc0efeb841efa8cf353	1453964756	1453964756
1483631296	/home5/spandext/cache/cache_c52986bb8dafa9c596119e6bd6d99d80	1453964757	1453964757
1483631296	/home5/spandext/cache/cache_3ebbab63ff1d3bffdaddb17747049f2d	1453964756	1453964756
1483631296	/home5/spandext/cache/cache_f2ca5a4ebcfa5a17571ec71345a3722b	1453964756	1453964756
1483631296	/home5/spandext/cache/cache_9d0a5b38c3ed9a8cb55355ba4b86153d	1453964756	1453964756
1483631296	/home5/spandext/cache/cache_08248ad354c1e60f349d00516092ce71	1453964757	1453964757
1483631296	/home5/spandext/cache/cache_5342e757993009b137baf91e76501008	1453964756	1453964756
1483631296	/home5/spandext/cache/cache_2fce83e06e42436d2db5080980a768a2	1453964757	1453964757
1483631296	/home5/spandext/cache/cache_85cab7ad1eeed569aed1bbe3f7044452	1453964758	1453964758
1483631296	/home5/spandext/cache/cache_627f1688d2f7fb73dfdcf3620838bd3b	1453964756	1453964756
1483631296	/home5/spandext/cache/cache_ff3ebd8e793b4cd7a75fd972487b3d9b	1453964757	1453964757
1483631296	/home5/spandext/cache/cache_305481129ffd2a48ad657da80037d8de	1453964758	1453964758
1483631296	/home5/spandext/cache/cache_88fd98503e28f4b6f81d32b0bd32425c	1453964757	1453964757
1483631296	/home5/spandext/cache/horde_cache_gc	1453964758	1453964758
1483631296	/home5/spandext/cache/cache_5824185a637a419bdfead1dc6f723c41	1453964756	1453964756
1483631296	/home5/spandext/cache/cache_b500d0661f5a77ddde7fb5d414a43991	1453964756	1453964756
1483631296	/home5/spandext/cache/cache_ef29289b9e209e2f42174c4e06efa386	1453964758	1453964758
1483631296	/home5/spandext/cache/cache_9d2852dd321ba27b24d9e4756c660f99	1453964757	1453964757
1483631296	/home5/spandext/cache/cache_dbfd2df7ce1a66b50deb3456c0d5ad16	1453964757	1453964757
1483631296	/home5/spandext/cache/cache_03ccc987bb84ad942c7bdc1b37a1d5af	1453964756	1453964756
1483631296	/home5/spandext/cache/cache_f4237f90c7176c9c808d6f2d3304277b	1453964757	1453964757
1483631296	/home5/spandext/cache/cache_a345fd0904034d633776b8ee9b09496a	1453964756	1453964756
1483631296	/home5/spandext/cache/cache_ecf0ed8a83bfc3024258edc952ef998e	1453964756	1453964756
1483631296	/home5/spandext/cache/cache_a08ef26980e619de1222af6ed4e7aef2	1453964758	1453964758
1483631296	/home5/spandext/cache/cache_5c12da4d78faffa161416dc3ad97b526	1453964756	1453964756
1483631296	/home5/spandext/cache/cache_9c594dcf57fdf60bc9f3d357e041bfc9	1453964757	1453964757
1483631296	/home5/spandext/cache/cache_59e796ce351e2edee20c6efab8b40758	1453964757	1453964757
1483631296	/home5/spandext/cache/cache_b01174f8be036a3278d86b7ed31a247a	1453964756	1453964756
1483631296	/home5/spandext/cache/cache_496e0e8cf1113db7b7654eb390646b2c	1453964757	1453964757
1483631296	/home5/spandext/cache/cache_63d32921a8ca61005344b317c66f3678	1453964756	1453964756
1483631296	/home5/spandext/logs	1483532450	1483532450
1483631296	/home5/spandext/ssl	1453975856	1453975856
1483631296	/home5/spandext/ssl/keys	1395899765	1395899765
1483631296	/home5/spandext/ssl/certs	1395899765	1395899765
1483631296	/home5/spandext/ssl/csrs	1395899765	1395899765
1483631296	/home5/spandext/ssl/ssl.db	1395899765	1395899765
1483631296	/home5/spandext/ssl/ssl.db.cache	1453975856	1453975856
1483631296	/home5/spandext/public_html	1483630646	1483630646
1483631296	/home5/spandext/public_html/500.php	1483630503	1483630503
1483631296	/home5/spandext/mail/spandexters.com/editor/maildirsize	1346273594	1346273594
1483631296	/home5/spandext/mail/spandexters.com/editor/cur/1346273594.H190465P1908.just109.justhost.com,S=2031:2,S	1346273594	1346273636
1483631296	/home5/spandext/mail/spandexters.com/editor/dovecot-uidvalidity	1346273626	1346273626
1483631296	/home5/spandext/public_ftp	1345057603	1345057612
1483631296	/home5/spandext/public_ftp/incoming	1345057603	1345057603
1483632553	/home5/spandext	1345058514	1483632290
1483632553	/home5/spandext/tmp/sess_3rqhutm3dj0p45lkiekaci59rpaclk9d	1483632265	1483632290
1483632553	/home5/spandext/tmp/sess_iud6crv72mb85a7ptkcl516fjnov2u41	1483632265	1483632290
1483632553	/home5/spandext/etc/spandexters.com/@pwcache	1346273609	1483632290
1483632553	/home5/spandext/etc/spandexters.com/@pwcache/editor	1346273609	1483632290
1483632553	/home5/spandext/public_html	1483632470	1483632470
